from http://keisan.casio.com/exec/system/1180573191

1           0.6826,8949,2137,0858,9717,05
2           0.9544,9973,6103,6415,8559,94
3           0.9973,0020,3936,7398,1094,67
4           0.9999,3665,7516,3337,6015,75
5           0.9999,9942,6696,8562,4161,22
6           0.9999,9999,8026,8247,0992,46
7           0.9999,9999,9997,4403,7491,22
8           0.9999,9999,9999,9987,5580,79
9           0.9999,9999,9999,9999,9977,43
9.5         0.9999,9999,9999,9999,9999,79



0.675       0.5003,2423,5056,4459772393    -- 50%  
1.645       0.9000,3018,8921,7572694438    -- 90%
2.576       0.9900,0493,5368,5299632597    -- 99%
3.2906      0.9990,0026,0392,7798763508    -- 1 / 1000 
3.893       0.9999,0098,7847,653074152     -- 1 / 10000 
4.418       0.9999,9003,8157,9034920425    -- 1 / 10000,0 
4.892       0.9999,9900,1835,5526107992    -- 1 / 10000,00 
5.327       0.9999,9990,0151,8362507967    -- 1 / 10000,000 
5.7308      0.9999,9999,0004,1930261149    -- 1 / 10000,0000 
6.11        0.9999,9999,9003,6885991537    -- 1 / 10000,0000,0 
6.467       0.9999,9999,9900,0323504018    -- 1 / 10000,0000,00 
6.807       0.9999,9999,9990,0345068502    -- 1 / 10000,0000,000 



